net_id,modules
0,"62,128,138,151,161,177,186,193"
1,"52,175"
2,"23,47,56,85,97,123,124,149,180"
3,"33,51,113"
4,"1,25,55,56,64,84,95,105,152"
5,"33,57,59,82,92,103,134,168,177"
6,"5,48,86,103,119,135,196"
7,"17,62,108"
8,"22,37,54,71,97,125,154,180,184"
9,"4,5,45,82,156,167"
10,"15,62,90,114,133,171"
11,"11,15,36,52,105,141,157,176,180,184"
12,"52,63,125,148"
13,"62,101"
14,"25,42,156"
15,"6,70,92,142,194"
16,"17,32,57,61,64,81,82,136,165"
17,"8,15,59,100,105,112,117,129,194"
18,"4,44,51,61,62,95,117,144,147,183"
19,"12,70,118,125,135,137,142,146,151,152"
20,"30,87,98,123,128"
21,"14,27,51,83,104,145,151,179,196"
22,"18,20,22,25,34,69,90"
23,"24,34,62,163,190,194"
24,"2,30,35,51,147,159,162,171,186"
25,"52,67,98,111,128,132,147,163,177,196"
26,"3,46,132"
27,"58,87,179"
28,"72,101,141,146"
29,"0,9,13,51,56,105,123,183,186,188"
30,"8,41,52,70,134,162,174,196"
31,"10,180"
32,"77,80,140,163,175,179,184"
33,"80,148,188"
34,"12,43,80,91,144,161,182,189,194,197"
35,"22,23,72"
36,"113,174"
37,"1,4,108,117,151,161,170,187"
38,"53,57,62,73,96,120,143,158"
39,"9,75,138,149,182,196"
40,"15,41,66,116,124,138,176"
41,"25,50,103,108,128,146,183"
42,"26,30,38,123,136,151,172,175,182"
43,"20,67"
44,"15,36,168,194"
45,"60,67,97,163,167"
46,"8,38,55,60,98,149,158,162,163,195"
47,"27,84,109,121,139,182,193"
48,"15,26,34,55,126,174,183"
49,"47,89,90,94,114,161,164,174,189,196"
50,"3,12,15,32,36,92,145,158,164,171"
51,"10,15,107,144,188"
52,"24,104,140"
53,"0,45,94,128,153"
54,"15,68,106,110,147"
55,"99,109,122,174,182"
56,"17,50,157,184,188"
57,"1,7,59,76,97,134,165,182,193"
58,"23,55,69,72,86,114,166,167,189"
59,"6,32,50,58,61,108,111,115,153"
60,"11,29,31,52,101,141,173"
61,"38,68,107,117,124"
62,"16,59,71,92,105,106,107"
63,"55,66,125"
64,"35,51,53,58,90,130"
65,"10,20,29,62,94,95,98,110,129,163"
66,"1,175"
67,"54,66"
68,"4,8,83,108,192"
69,"15,19,28,48,74,84,121,131,187"
70,"55,75,106,118,177,189,192,194,196"
71,"18,55,69,75,105,116,141,170,189,190"
72,"31,32,33,106,114,124,168,179,193"
73,"2,49,128,141"
74,"42,68,112,137,141,148,194"
75,"9,50,91,116,120,151,177,193"
76,"38,159"
77,"3,78,88,111,122,137,147,173,186"
78,"18,77,99,170"
79,"34,58,91,99,126,130,136,157,192"
80,"41,52,60,61,90,99"
81,"26,74,161,170"
82,"8,9,14,19,102,122,164,180,192,198"
83,"0,83,111,147,161,185"
84,"25,94"
85,"101,102,123,127,128,141,148,161,193"
86,"16,43,59,154,178,190,196"
87,"39,143"
88,"8,199"
89,"45,102,116,139"
90,"25,47,92,167,177,178"
91,"46,62,64,94,113,129,157,179"
92,"30,130"
93,"71,72,136,140,165,180"
94,"21,181,199"
95,"1,55,60,102,151,184"
96,"31,57,59,71,107"
97,"64,144"
98,"3,12,43,106,125,171,196"
99,"33,35,73,75,83,112,146,172,193"
100,"63,98,100,103"
101,"38,61,80,103"
102,"6,11,25,59,151,160"
103,"6,34,44,61,96,131,153,163,178,181"
104,"49,178,183"
105,"3,35,50,87,117,154,170"
106,"22,63,70,83,84,167,194"
107,"73,101,103,108,121,137,186,192"
108,"6,19,26,43,55,81,121,122,149,189"
109,"2,3,4,8,18,82,119,141,146,160"
110,"8,47,88,175"
111,"28,64,111,176"
112,"168,169"
113,"77,90,137"
114,"77,84,91,128,141,169"
115,"68,80,88,135,158"
116,"28,30,119,172"
117,"23,110,136"
118,"86,87,110,112,135,167,169"
119,"66,178,179,181,195"
120,"25,51,54,60,63,65,143,164,185"
121,"38,107"
122,"109,132"
123,"32,160,182,198"
124,"0,1,155,187"
125,"33,57,74,166,175,179"
126,"1,60,77,119,120,138,150,155,161,195"
127,"169,181,185,195"
128,"15,36,195"
129,"36,42,63,98,105,110,143,156,193,197"
130,"39,46,47,64,129,155,175,196,199"
131,"53,76,111"
132,"36,46,47,63,107,125,136,148,188"
133,"20,51,91,112,133,167"
134,"88,116"
135,"11,24,28,60,63,117,124,128,135,143"
136,"25,107,140,170,186"
137,"53,57,92,108,135,172"
138,"26,65,110,119,128,141,155,187"
139,"1,13,79,84,156,196"
140,"9,16,32,37,94,125,132,147,157,185"
141,"13,22,48"
142,"37,83,171"
143,"16,22,48,107,109,134,144,156,170,186"
144,"135,138,142"
145,"16,81,86"
146,"17,68,71,78,81,96,99,188"
147,"2,40,64,84,86,140,141,150,161,162"
148,"38,46,48,69,91,99,136"
149,"59,100,106,117,128,172"
150,"14,35,36,43,87,134,166,167"
151,"55,80,135,158,186"
152,"137,140"
153,"16,46,58,62,71,119,178,186"
154,"50,62,86"
155,"18,40,58,70,130,140"
156,"30,63,198"
157,"16,44,52,166,169,197,199"
158,"16,121,177"
159,"42,51,53,103,106,148,154"
160,"103,156"
161,"31,59,71,104,134,135"
162,"15,34,43,72,78,109,125,137,154,190"
163,"61,151,171"
164,"4,30,34,74,90,106,116,142"
165,"46,49,84,152,182"
166,"23,24,72,97,102,108,114,147,159"
167,"34,71,76,81,85,94,123,153,154,163"
168,"32,36,46,85,94,100,142,145,151,190"
169,"9,36,47,172"
170,"27,33,82,145,171,180"
171,"57,70,128,139,155,177"
172,"63,115,141,164"
173,"18,42,96,124,161,180"
174,"21,29,39"
175,"13,115,126,155,194"
176,"53,97,98,140,142,157,185"
177,"1,2,30,90,118,145,148,153"
178,"50,69"
179,"36,76"
180,"5,9,79,87,98,117,141,150,155,156"
181,"41,44,94,136,141,194,197"
182,"53,59,82,83,125,135"
183,"20,51,71,87,97,114,175,179,199"
184,"53,76,88,105"
185,"16,108,172,181"
186,"37,75,104,107,125,164,195"
187,"49,69,155,159,163,187"
188,"34,76,194"
189,"11,82,92,140,166"
190,"2,92,104,127,139,149,178"
191,"10,52,100,116,130,131,163"
192,"47,84,121"
193,"14,18,99,121,136,164,174,184"
194,"16,75,130,138,183"
195,"36,90,103,149,161,169,197"
196,"22,104,126"
197,"16,17,119,120,138,168,185,191"
198,"4,5,20,51,120,123,144,145,161"
199,"98,170"
200,"22,61,99,156"
201,"8,33,34,47,65,114,115,118,128,176"
202,"2,24,36,38,57,161,177,189,193"
203,"3,27,34,65,98,135,142"
204,"18,55,56,65,85,111,120,171,179"
205,"29,57,104,134,154,188,194"
206,"10,34,50,55,78,184"
207,"5,24,37,102,139,163,176,186"
208,"5,16,78,80,158"
209,"55,92,165"
210,"20,122,135,174,184,199"
211,"7,53,59,129,136"
212,"1,86,98,136,150,156,161,175"
213,"17,66,69,174,183"
214,"0,10,49,98,99,120,129,161,163,198"
215,"29,38,62,100,115,152,166,172,192"
216,"42,48,59,101,173,198"
217,"106,162"
218,"5,85,118,136,191"
219,"139,151,190"
220,"27,29,36,69,177,195"
221,"6,8,14,26,52,142,145,164,187,188"
222,"6,15,24,30,32,80,169"
223,"67,83,100,141"
224,"31,42,61,71,99,118,121"
225,"0,21,22,52,57,75,135,144,148"
226,"31,52,66,102,105,107,150,165"
227,"36,45,84,96,105,113,118,122,132,151"
228,"17,30,91,111,140,184,198"
229,"43,51,94,150,166,187"
230,"3,55,112,131,161"
231,"3,194"
232,"9,44,73,78,86,102,108,152,173"
233,"5,35,138,188"
234,"4,21,168"
235,"8,13,51,122,144,151"
236,"8,27,37,69,94,102,119,125,191"
237,"109,155"
238,"52,160,181,189,193"
239,"0,7,23,56,69,71,115,117,148,151"
240,"1,24,120,136,165,192"
241,"26,27,37,79,110,123,174"
242,"22,29,52,73,79,85,105,110,119"
243,"11,17,58,102,156,159,166,187,194,198"
244,"32,36,165"
245,"10,25,106,112,118,119,126,148,177"
246,"6,8,44,89,100,105,165,186"
247,"0,13,71,102,120,162"
248,"44,69,140,160,196"
249,"5,63,92,195"
250,"10,14,35,68,87"
251,"17,69,72,113,114,134,146"
252,"29,33,34,47,60,86,125,144,186,191"
253,"122,153,194"
254,"95,163"
255,"19,93,143"
256,"29,64,69,102,118"
257,"102,140,190"
258,"43,70,127,158,176,181"
259,"62,67,77,100,122,159"
260,"6,33,75,80,102,124,127,141,195"
261,"99,117,140"
262,"56,169"
263,"21,44,53,105,111,138"
264,"0,6,46,63,125,177,179"
265,"43,66,113,136,181"
266,"18,32,44,69"
267,"27,164,165,168,174"
268,"26,131"
269,"110,126"
270,"13,28,37,58,87,103,123,192"
271,"60,74"
272,"16,57,71,102,113,117,153,185"
273,"12,33,55,61,86,195,197"
274,"4,48,102"
275,"18,22,29,57,84,94,127,182,193"
276,"12,28,47,58,70,73,74,119,167,185"
277,"12,26,78,103,179"
278,"71,110,133,150,158,161,193"
279,"26,36,95,96,126,165,175,181"
280,"6,21,87,113,121,148,187"
281,"83,145"
282,"27,65,69,70,87,106,113,181,182"
283,"2,3,37,61,122,137"
284,"47,50,126,181,185,190"
285,"10,49,66,82,92,119,123,142,149"
286,"89,105,191"
287,"1,93,98,132,141,143"
288,"2,69,98,130,189"
289,"2,7,29,47,61,90,94,108,162,193"
290,"73,96,143"
291,"22,43,106,113,128,152,177"
292,"44,122,168,177"
293,"15,17,21,48,107,114,115,169"
294,"3,42,51,80,96,146"
295,"91,99,128,139,146"
296,"5,67"
297,"36,106,165"
298,"32,61,71,116,174"
299,"52,65,81,91,102,109,185,187"
300,"38,64,69,106,107,132,152,164,186"
301,"6,76,81,115,141,155"
302,"59,103,122,184"
303,"21,28,44,70,73,177"
304,"12,43,58,76,82,107,136,173,180,198"
305,"42,51,81,86,98,106,135,163"
306,"39,85,87,103,129,131,133,157,161,191"
307,"17,60,121"
308,"15,40,140"
309,"43,48,72,89,122,148,163,173,186,196"
310,"9,10,46,48,56,86,111,127,144,181"
311,"99,165,187,192"
312,"7,17,25,28,30,38,53,76,148,152"
313,"18,58,65,134,145,147,164"
314,"62,118,122,126,135,169,171"
315,"20,79"
316,"14,35,56,64,65,66,92,119,162,190"
317,"19,118,146,168,174"
318,"4,157"
319,"14,15,19,38,87,110,115,128"
320,"16,105"
321,"3,23,42,58,120,138,140,160,172,193"
322,"25,52,111,136,152,161,183,186,191"
323,"93,152"
324,"2,3,37,61,69,85,133,156,175"
325,"8,101,110,129,137,190"
326,"8,44,49,72,73,98,102,133,151"
327,"31,58,89,183,187,190"
328,"24,155,159"
329,"12,22,189"
330,"12,84,86,121,123,148,149"
331,"5,9,27,77,148,158,182,192"
332,"1,27,84,90,98,102,120,165,180,181"
333,"2,5,9,24,90,117,173,175"
334,"10,29,31,48,85,118,132,151,177,193"
335,"43,72,89,126,131,148,168,180,182,199"
336,"36,187"
337,"90,113,154,173"
338,"111,125,162,178,195"
339,"16,31,79,189"
340,"40,53,58,143,154,175,187,194,195,197"
341,"16,46,50,83,110,170,183"
342,"86,99,184"
343,"12,109,131,172,178,192,194"
344,"1,42,47,53,66,69,84,91,170"
345,"81,117,197"
346,"19,44,102,125"
347,"33,79,129"
348,"0,23,30,65,93,129"
349,"79,114,176,197"
350,"26,79"
351,"0,19,21,171,175,188"
352,"7,25,80,83,95,96,149,159,164,196"
353,"1,63,68,74,87,149,166"
354,"23,36,99,112,152,189"
355,"38,197"
356,"18,51,55,57,88,94,161,162"
357,"89,119,138,151,177,187"
358,"193,199"
359,"118,139,178"
360,"18,30,107,109,137,158,182"
361,"15,61,87,101,121,191"
362,"24,73,79,113,118,162,178"
363,"32,41,69,110,112,142,150,159,170,177"
364,"73,137,144,193,196"
365,"17,22,27,33,46,57,90,131,161,166"
366,"31,90,142,179,180"
367,"1,77,79,107,115,143"
368,"100,118"
369,"21,40,66,70,80,143,184"
370,"145,179"
371,"72,110,113"
372,"46,86,88,116"
373,"21,50,69,82,121,127,132,168,196"
374,"2,20,38,84,123,142"
375,"42,46,131,153,160,179,184,187,188"
376,"17,144,152,180,196"
377,"58,98"
378,"28,49,54,92,146"
379,"27,81"
380,"3,28,41,42,72,84,109,131,151,166"
381,"42,98,101,186"
382,"61,128,141,145,184,193"
383,"1,64,121,128,166,173"
384,"22,50,74,75,119,120,128,195"
385,"45,89,129,132,137,142"
386,"51,58,72,84,115,144,150,159,175,186"
387,"65,67,131,144"
388,"20,59,129,147,163,189,197"
389,"33,36,49,50,71,91,103,182,193,194"
390,"5,13,37,50,53,79,100"
391,"1,29,43,50,111,116,154"
392,"12,53,76,89,90,132,160,174,188"
393,"20,23,52,65,70,92,115,165,192,193"
394,"29,118"
395,"50,72,89,132,145,154,163"
396,"20,52,62,78,95,102,147,154,174,179"
397,"0,20,49,67,116,142,157,197"
398,"47,137,166,192"
399,"89,123"
400,"5,50,62,79,109,113,115,194"
401,"6,7,22,26,39,99,165,183"
402,"8,19,31,87,104,124,154,179,188"
403,"84,112,133,149"
404,"50,70,74,137,198"
405,"24,38,50,53,91,94,124,129,131,150"
406,"12,18,46,82,110,168,173,182,192"
407,"5,9,74,120,133,149,154"
408,"10,31,47,99,118,119,168,174,182,184"
409,"67,94,114,194"
410,"2,27,97,122,139,157,179,183,194"
411,"113,172,189,192"
412,"74,91,121,174"
413,"47,52,117,156"
414,"25,47"
415,"6,29,49,73,84,87,121,133,156"
416,"15,16,35,118,147,176"
417,"7,41,43,79,133,139,180"
418,"33,35,52,95,108,111,135,144,182"
419,"16,145,189"
420,"51,82,88,98,114"
421,"22,28,34,41,142,163,181,185"
422,"24,31,50,66,67,85,135,138,179"
423,"41,46,69,80,83,95,130,137,183,197"
424,"7,22,29,75,136,140,141,177,190"
425,"12,14,16,129,140,171,179"
426,"105,150"
427,"20,37,43,52,69,103,141"
428,"6,8,10,54,62,108,120,125,189,190"
429,"9,10,34,92,106,107"
430,"17,61,112,163"
431,"5,24,115,121,131,143,151,156,162,171"
432,"15,32,71,80,112,120,124,136,185"
433,"14,127,194"
434,"27,73,116,169"
435,"2,42,67,76,90,137,175,177,199"
436,"10,25,106,116,144,173,189"
437,"6,68,130,182"
438,"24,52,106,109,125,135,162"
439,"39,42,49,69,125,139,160,187"
440,"27,47,87,114,150,158"
441,"46,61"
442,"108,193"
443,"1,20,33,35,150,171,197"
444,"34,39,92,111,112,121,122,129,137,171"
445,"39,69,72,95,99,161,169,171"
446,"111,158,186"
447,"86,125"
448,"2,62,94,103,115,120,122,123,133,167"
449,"33,74,98,106,138,156,187"
450,"33,53,55,93,94,134,159"
451,"29,34,39,40,85,132,146,163"
452,"81,89,99,139,157,179,192"
453,"4,57,105,154,165,166,175"
454,"37,65,78,90,92,153,187"
455,"55,59,60,81,89,99,168,171,182"
456,"12,76,151"
457,"1,16,22,56,113,123,125,129,139,178"
458,"47,86,186"
459,"16,26,130,144,156,199"
460,"60,183,197"
461,"2,68,109,112,197"
462,"37,40,51,52,81,140,185"
463,"46,47,91,132,134"
464,"52,91,94,99,121,146,165,180,199"
465,"83,136,137,143"
466,"21,23,75,88,110,113,133,182,186,188"
467,"6,58,76,112,115,144"
468,"43,102,113,120,164,197"
469,"41,45,87,92,108,125,161,180,192"
470,"14,28,63"
471,"54,55,73,96,100,120,140,159,172"
472,"21,60,78,126,173,180"
473,"36,54,68,83,182"
474,"7,36,60,80,82,94"
475,"22,65,98"
476,"43,69,95,97,100,109,169,185"
477,"18,34,62,66,98,146,155,191"
478,"1,32,41,47,67,70,74,130,196"
479,"81,151,167"
480,"2,28,101,123,126,170,175,191"
481,"29,64,79,84,124,154"
482,"11,43,52,111,140,143,180,182"
483,"54,69,82,158"
484,"16,81,135"
485,"89,176"
486,"13,46,67,109,141,187"
487,"28,183"
488,"62,102,118,125,174,194"
489,"55,95,120,136"
490,"35,41"
491,"100,108"
492,"14,16,56,120,149,190,198"
493,"17,30,71,176,196"
494,"16,77,172"
495,"46,51,68,86,138,156,163"
496,"22,93,95,99"
497,"1,63,79,97,125,140"
498,"13,18,125,133,135,152,160,197"
499,"58,68,71,72"
500,"46,52,72,77,91,98,123,199"
501,"33,113"
502,"11,22,46,164,179,198"
503,"57,71,105,147,195"
504,"81,137,199"
505,"11,50,69,104,145,190"
506,"7,28,59,93,100,101,118,144,165"
507,"87,95,132,172,177"
508,"19,30,60,66,88,110,130,143,167,177"
509,"64,100,102,176"
510,"60,64,123"
511,"70,107,134,164"
512,"3,139,163"
513,"0,9,100"
514,"19,63,65,188"
515,"7,11,22,149,162"
516,"16,163"
517,"18,27,66,104,119,169,186"
518,"11,67,193"
519,"22,26,68,96,110,137,143,159,173"
520,"16,17,30,45,77,83,97,113,198"
521,"3,46,88,162"
522,"53,60,71,77,98,160"
523,"34,48,103,168,182"
524,"11,61,79,83,138,172"
525,"48,107,113"
526,"3,5,88,176"
527,"3,15,21,52,71,78,88,152,179,185"
528,"0,87,101,149,150"
529,"91,125"
530,"20,31,48,79,90,100,152,155,163,195"
531,"63,126,169"
532,"4,6,38,94,144,172"
533,"58,155"
534,"26,51,56,86,108,119,142,178,187"
535,"124,132"
536,"2,16,33,66,89,136,154,186,193"
537,"26,167"
538,"60,133,139"
539,"94,129,141,155,165,197"
540,"37,39,83,93,117,148,181"
541,"32,36,57,61,99,110,118,157,159,179"
542,"73,138,153,157,179"
543,"54,116,131,150,153,180,191"
544,"11,38,169,180"
545,"44,50,100,117,133"
546,"57,137"
547,"16,25,26,61,93,107,135,149,152"
548,"10,30,101"
549,"30,38,108,150,160,164,167,172,190,192"
550,"12,112,138,171,174"
551,"16,17,39,64,72,79,130,142"
552,"88,131,137,165,183"
553,"106,120,128,143,160,175"
554,"2,4,17,22,76,97,148,175,186"
555,"26,126"
556,"75,76,80"
557,"21,42,54,66,69,74,83"
558,"33,74,81,142,164,167,171,174,199"
559,"12,63,69,79,176,185"
560,"23,42,121,140,155,156,159,160"
561,"0,5,19,43,52,86,88,105"
562,"15,68,97,110,135,192"
563,"8,14,16,18,150,162"
564,"82,141,195"
565,"46,142"
566,"67,76"
567,"31,34,45,65,87,107,108,115,183"
568,"63,71,78"
569,"39,58,96,112,117"
570,"28,73,82,83,143,183"
571,"20,27,48,70,96,102,153,169"
572,"0,54,117,171"
573,"76,164"
574,"64,105,123,142,197"
575,"10,13,94,154,166,170,191"
576,"91,109,124"
577,"1,89,125,165,183,192"
578,"8,11,15,33,60,69,119,160,173"
579,"40,73,74,98,113,119,134,135,142,173"
580,"2,7,16,57,85,95,98,119,133,168"
581,"66,93"
582,"3,60,74,84,169,171"
583,"22,26,129,135,153,170,172,195"
584,"67,131,153,193"
585,"7,23,33,55,116,122,137,165,181,188"
586,"37,56,65,72,80,134"
587,"42,85,129,158"
588,"8,13,25,29,77,144,148,157"
589,"10,48,61,177"
590,"7,10,65,120,139,148,190"
591,"8,62,76,109,120,142,170,172,199"
592,"28,68,72,96,107,142,158,178,196"
593,"23,57,80,87,134,146,166"
594,"27,42,75,146,173,191"
595,"14,41,187"
596,"47,54,59,107,139"
597,"29,32,43,114,137,159"
598,"114,152,172"
599,"33,66,69,99,111"
600,"45,77,78,131,139,142,165,169"
601,"97,106,124,148"
602,"14,52,126,174,193"
603,"16,32,97,117,137,184"
604,"50,60,67,100"
605,"64,69,97,135,156,158,162,168"
606,"141,148,186"
607,"21,63,67,106,142,150,171"
608,"10,21,26,27,166,190"
609,"39,77,78,92,127,151,167,184,188"
610,"31,128,169,174"
611,"12,21,37,91,131,138,147,165"
612,"4,16,41,123,137,143,183"
613,"75,113,130"
614,"73,154"
615,"7,10,14,32,99,138,140,141,175"
616,"0,73,83,165,177,185"
617,"50,55,69,73,103,105,150"
618,"6,15,177"
619,"4,45,48,65,70,107"
620,"33,102,110,137,153,159,166,181,193,195"
621,"9,36,131,169,172,184"
622,"11,48,164,165,171"
623,"52,84,88,190"
624,"24,41,61,70,95,98,113,173"
625,"21,38,47,87,149,192"
626,"39,88,114,152"
627,"37,42,45,65,85,88,138,143"
628,"41,91,124,196"
629,"3,12,26,33,53,76,131,175,183,190"
630,"13,20,31,76,84,90,100,124,146,180"
631,"19,31,35,43"
632,"1,32,43,51,98,118,120,152,162"
633,"6,46,78,95,121,163,170"
634,"17,45,72,117,132,154"
635,"2,7,24,62,82,121,139,166"
636,"52,91,100,107,121,133,141"
637,"91,94,109,140,151,155,159"
638,"14,97,99,119,129,162,173,174"
639,"10,39,47,74,78,106,132,133,166"
640,"20,53,62,69,102,121"
641,"19,53,66,71,77,94,95,192"
642,"3,84,173"
643,"12,24,46,66,107,123"
644,"23,59,81,93,166,174,182,192"
645,"10,76,84,85,125,152,158"
646,"29,32,96,103,105,117,165"
647,"65,84,109,147"
648,"4,8,55,59,81,99,111,147,160,179"
649,"27,72,117,141,169"
650,"3,4,34,61,71,81,115,171,194"
651,"80,114"
652,"116,117,130,147,158"
653,"103,164,183"
654,"8,26,27,31,56,123"
655,"13,17,29,102,112,119,144,147,188"
656,"83,173,186"
657,"40,60,75,77,95,97,100,191"
658,"51,59,97,103,104"
659,"1,3,66,87,110,117,153,162"
660,"1,37,182,187,193,195"
661,"10,41,51,96,112,156"
662,"72,82,128,158"
663,"15,31,67,84,128,134,140,152,160,165"
664,"3,67,75,83,137,175,182"
665,"37,94,98,107,114,115,145"
666,"28,120,121,197"
667,"16,150"
668,"13,29,72,87,103,135,171"
669,"16,32,34,40,41,74,110,121,135,187"
670,"8,57,66,127"
671,"0,25,104,115,118,167,183"
672,"14,110,125,136,143,151,157,170,178,194"
673,"7,24,48,67,114,117,140,153,157"
674,"33,67,94,108,141"
675,"23,86,107,110,119,143,160,180"
676,"80,84,166"
677,"40,61,102,107,126,169,181"
678,"18,124,165,193"
679,"101,126,134,175"
680,"139,150"
681,"32,37,60,70,87,101,109,141,162"
682,"12,42"
683,"7,19,60,66,112,136"
684,"56,81,85,89,135,139,165,192,199"
685,"13,18,106,138,152,169"
686,"23,36,76,107,113,159,182,196"
687,"19,65,95,104,135,145,179"
688,"20,30,59,126,132,161"
689,"20,89,119,151,173"
690,"20,25,71,75,82,148,168,199"
691,"71,80,84,141,155,167,190,192"
692,"26,39,51,95"
693,"32,35,53,60,83,86,99,149"
694,"23,69,96,133,164,182,190"
695,"13,108,184"
696,"69,107,146,187"
697,"6,15,113,171,187"
698,"19,37,68,196"
699,"153,167"
700,"2,35,117,151,173,198"
701,"53,117"
702,"44,67,110,150,151,185"
703,"159,191"
704,"19,33"
705,"18,20,52,54,65,184"
706,"23,40,52,63,68,74,83,109,186"
707,"4,54,76,86,109,110,127,147,199"
708,"29,89,98,124,135,147,152,198"
709,"21,30,56,94,182,185,187"
710,"27,86,103,113,120,128,131,170,171,194"
711,"9,12,35,43,52,78,89,158,166,185"
712,"64,141,184"
713,"55,63,80,98,143,145,187"
714,"24,104,138,172,189"
715,"4,74,120,122,148,177"
716,"73,75,77,128,165,175"
717,"1,63,102,111,120,149,155,172"
718,"1,11,42,74,76,98,162,177,188"
719,"146,169"
720,"2,21,42,52,67,87,111,119,149,165"
721,"46,187"
722,"53,104"
723,"16,20,28,63,89,93,119,136,171,175"
724,"17,26,35,37,43,73,97,152,171,178"
725,"40,91,113,168,181"
726,"22,24,31,33,58,79,86,128"
727,"17,43,45,134,171"
728,"3,8,19,56,58,70,115,136,158"
729,"0,54"
730,"56,123,124,137,164,174"
731,"39,75"
732,"0,50,55,83,92,159,186,197"
733,"38,80,116,133,153"
734,"22,101,139,146,159,173"
735,"5,112,186,187"
736,"39,135,136,141"
737,"44,80,109,143,194"
738,"80,91,118,130,140"
739,"14,17,36,37,42,61,140,159,181"
740,"38,71,82"
741,"81,148"
742,"8,71,98,132,136,139,148,174"
743,"16,149"
744,"0,14,41,77,88,94,138,165"
745,"2,51,97,102,111,123,125,139,148,179"
746,"50,58,101,143,196,198"
747,"15,20,37,95,100,105,137,191"
748,"12,26,40,42,112,146,153,168,187"
749,"19,34,46,128,177,182"
750,"15,24,117,139,155"
751,"31,41,52,62,90,123,137,154,158,182"
752,"11,25,37,47,48,86,149,161"
753,"39,40,148"
754,"6,84,113,117,118,139,155"
755,"47,69,70,108,119,142,176,178"
756,"21,25,143,152,175"
757,"27,51,53,69,80,90,131,199"
758,"2,40,44,156,159,171,181"
759,"111,126,138,143,188"
760,"21,30,41,44"
761,"31,126,130,143"
762,"5,47,52,77,112,118,192"
763,"67,73,84,86,144,162,194"
764,"24,38,119,176"
765,"94,142,179,180,188"
766,"19,100,133,199"
767,"17,92,100,162"
768,"56,86,100,104,167"
769,"77,98,117,141"
770,"152,172"
771,"21,27,55,71,84,100,128,140,173,198"
772,"16,84,152,170"
773,"131,135,177"
774,"32,89,140,167"
775,"41,102,139,160,163,166,178,197"
776,"41,61,105,110,132,157,166,178"
777,"30,112,137,164,178"
778,"79,86,95,102,138,165"
779,"17,82,112,170,173"
780,"2,4,7,18,65,102,108,136,171"
781,"145,170"
782,"42,57,73,76,96,139,147,149"
783,"93,122,124,127,188"
784,"6,36,126,186,199"
785,"1,75,197"
786,"4,21,31,42,57,114,134,196"
787,"33,38,70,93,99,102,141"
788,"6,11,16,21,73,146,191,195"
789,"7,14,107,122"
790,"10,14,22,64,101,116,143,188"
791,"1,19,105,137,172,175"
792,"42,56,98,118,120,137,152"
793,"7,124,189"
794,"50,120,133,154,176"
795,"86,134"
796,"1,168"
797,"2,39,145,151"
798,"20,37,48,57,63,73,93,125,135,153"
799,"38,74,85,98"
